----------------------------------------------------------------------------------------------------------------------------------------
N:	2

AVG_FIT:	0.00000
STDEV:	0.00000
AVG_TIME:	1.05273

BEST[30]:	0.00000 0.00000 0.00000 0.00000 0.00000 0.00000 0.00000 0.00000 0.00000 0.00000 0.00000 0.00000 0.00000 0.00000 0.00000 0.00000 0.00000 0.00000 0.00000 0.00000 0.00000 0.00000 0.00000 0.00000 0.00000 0.00000 0.00000 0.00000 0.00000 0.00000 
----------------------------------------------------------------------------------------------------------------------------------------
N:	10

AVG_FIT:	0.31709
STDEV:	0.39719
AVG_TIME:	4.67467

BEST[30]:	0.50361 0.02586 0.19551 0.03962 0.25663 0.04607 0.04474 0.05538 0.40461 0.25494 0.05828 1.05998 0.58260 0.00461 0.78501 0.03807 0.86787 0.14354 0.44830 0.07521 1.60393 0.07064 0.02713 0.01717 0.13613 0.00150 0.56796 0.05501 0.06479 1.07789 
----------------------------------------------------------------------------------------------------------------------------------------
N:	30

AVG_FIT:	295.09171
STDEV:	24.37481
AVG_TIME:	13.83554

BEST[30]:	253.85091 268.95691 277.13536 321.74650 270.48022 279.51079 319.73928 334.22188 266.08841 280.10480 284.95189 295.64322 278.23376 327.04494 307.02981 305.44595 285.04956 321.38237 308.47477 327.21893 306.75118 282.71586 320.06906 301.35852 338.36282 254.39567 290.42802 262.25769 268.66557 315.43665 
