----------------------------------------------------------------------------------------------------------------------------------------
N:	2

AVG_FIT:	0.00000
STDEV:	0.00000
AVG_TIME:	1.05952

BEST[30]:	0.00000 0.00000 0.00000 0.00000 0.00000 0.00000 0.00000 0.00000 0.00000 0.00000 0.00000 0.00000 0.00000 0.00000 0.00000 0.00000 0.00000 0.00000 0.00000 0.00000 0.00000 0.00000 0.00000 0.00000 0.00000 0.00000 0.00000 0.00000 0.00000 0.00000 
----------------------------------------------------------------------------------------------------------------------------------------
N:	10

AVG_FIT:	3.18674
STDEV:	9.98380
AVG_TIME:	4.71017

BEST[30]:	1.77305 0.97239 1.31199 0.12603 1.14446 0.12649 0.31069 0.23793 0.18906 55.97740 1.33451 0.03184 3.15709 0.88892 1.48322 0.27164 0.89129 0.36317 0.46030 9.45207 1.59237 0.31499 2.26923 0.13584 0.27859 1.33061 0.23187 4.03514 0.13114 4.77895 
----------------------------------------------------------------------------------------------------------------------------------------
N:	30

AVG_FIT:	4342.04790
STDEV:	653.56858
AVG_TIME:	13.84179

BEST[30]:	3893.71660 4328.29993 4495.81975 3771.81026 3529.45416 4692.40418 4320.63340 3799.31520 3185.26461 3638.30003 4251.33055 4070.95292 4599.99517 5048.23865 5179.51700 4133.14606 3692.04657 3855.95849 5301.55642 3950.26579 4595.46579 4160.37695 5250.42908 5580.67797 5418.67804 4358.42619 4316.72088 4895.93444 4981.53734 2965.16464 
