----------------------------------------------------------------------------------------------------------------------------------------
N:	2

AVG_FIT:	0.02200
STDEV:	0.03074
AVG_TIME:	1.14194

BEST[30]:	0.00163 0.02260 0.00168 0.00092 0.00005 0.07999 0.07841 0.02198 0.02201 0.02180 0.00000 0.02225 0.05304 0.00161 0.07883 0.00160 0.00166 0.00162 0.00160 0.00000 0.08000 0.07884 0.07871 0.00160 0.00099 0.00163 0.00160 0.00161 0.00000 0.00161 
----------------------------------------------------------------------------------------------------------------------------------------
N:	10

AVG_FIT:	6.40936
STDEV:	18.41529
AVG_TIME:	5.59098

BEST[30]:	1.88669 1.67956 2.16262 17.47275 3.67567 0.97086 6.65763 1.59135 0.82897 12.18178 0.95664 1.05735 1.91939 2.40613 1.51310 103.77114 3.54268 1.49987 2.26616 1.27083 5.95354 0.96916 1.90074 0.99426 2.59093 1.28468 3.70520 1.05667 3.01686 1.49756 
----------------------------------------------------------------------------------------------------------------------------------------
N:	30

AVG_FIT:	246033.74020
STDEV:	66539.87954
AVG_TIME:	13.24118

BEST[30]:	188928.57140 286555.01878 232415.27390 200639.16809 300690.24187 128562.02173 378553.18515 345796.34055 203112.82104 320038.42099 353563.71434 195391.66234 201587.35832 273725.70196 177881.70746 302275.86482 259352.61915 283822.26778 247123.34422 264960.92309 236546.50593 236469.04753 117834.75460 164493.71306 238273.71847 349320.45658 259314.46022 215567.27396 139861.26025 278354.78830 
