----------------------------------------------------------------------------------------------------------------------------------------
N:	2

AVG_FIT:	0.00000
STDEV:	0.00000
AVG_TIME:	1.08440

BEST[30]:	0.00000 0.00000 0.00000 0.00000 0.00000 0.00000 0.00000 0.00000 0.00000 0.00000 0.00000 0.00000 0.00000 0.00000 0.00000 0.00000 0.00000 0.00000 0.00000 0.00000 0.00000 0.00000 0.00000 0.00000 0.00000 0.00000 0.00000 0.00000 0.00000 0.00000 
----------------------------------------------------------------------------------------------------------------------------------------
N:	10

AVG_FIT:	108.53433
STDEV:	13.42877
AVG_TIME:	4.83462

BEST[30]:	129.86416 90.04317 126.21729 122.62443 100.74850 130.14242 103.63419 115.94749 118.35944 103.08499 110.58911 101.02166 118.48414 103.18250 110.88954 110.03467 92.61990 116.65383 106.33434 112.35923 76.08959 106.48317 109.12193 106.70644 107.25752 132.26206 106.17713 104.28235 110.64704 74.16760 
----------------------------------------------------------------------------------------------------------------------------------------
N:	30

AVG_FIT:	545.91923
STDEV:	37.03627
AVG_TIME:	14.06579

BEST[30]:	529.94505 523.79552 609.25865 477.96921 540.80035 558.25271 578.77972 570.53487 492.35261 485.80272 566.89387 558.68400 593.01749 608.43072 577.65580 487.16863 579.87968 545.70551 530.53688 550.52923 512.18884 484.97690 554.48669 545.10600 555.99285 586.32153 487.78873 556.38954 561.31657 567.01596 
