----------------------------------------------------------------------------------------------------------------------------------------
N:	2

AVG_FIT:	0.36769
STDEV:	0.27310
AVG_TIME:	1.17787

BEST[30]:	0.61889 0.00755 0.66988 0.05932 0.50109 0.06018 0.74186 0.42473 1.02693 0.52102 0.61673 0.07428 0.09558 0.70237 0.38450 0.09090 0.04736 0.72295 0.51365 0.39339 0.05924 0.64576 0.01597 0.04255 0.14880 0.49591 0.31416 0.41026 0.36570 0.25909 
----------------------------------------------------------------------------------------------------------------------------------------
N:	10

AVG_FIT:	1988.73499
STDEV:	979.76334
AVG_TIME:	6.21906

BEST[30]:	3702.17553 1520.57863 1787.91905 3131.97745 433.48472 2710.63952 2953.09968 1985.46048 2914.46295 1188.76257 1573.34102 1267.88548 1436.29762 2937.05384 645.37414 1949.08954 2289.69122 3430.09656 1093.12120 1578.80958 1489.72303 2452.29154 1585.68267 1195.49889 3710.95190 1556.28336 1037.52187 810.38820 1144.09109 4150.29637 
----------------------------------------------------------------------------------------------------------------------------------------
N:	30

AVG_FIT:	76297.51981
STDEV:	12942.76523
AVG_TIME:	26.57298

BEST[30]:	65543.47533 66773.28920 68529.03739 76350.02899 58449.82816 59982.81454 97679.26914 89430.09243 89121.74243 82807.20748 86993.93358 72706.68370 90502.57256 108018.89227 91349.02358 69204.28313 60729.48542 81752.92198 84988.83741 63956.30236 74617.15481 66965.95540 85228.95104 52338.45626 78750.86968 83368.33980 74332.82373 58091.18315 68553.97869 81808.16073 
