----------------------------------------------------------------------------------------------------------------------------------------
N:	2

AVG_FIT:	2.59463
STDEV:	1.43670
AVG_TIME:	1.06895

BEST[30]:	1.96632 4.42371 2.78552 1.27202 2.15418 3.62931 6.53869 3.03925 2.07910 2.31677 2.37302 4.97480 2.73869 1.13223 5.03106 3.72625 3.04100 2.50685 0.98133 3.99355 0.00994 1.41422 2.35399 3.53372 0.16975 1.05168 3.06017 1.92494 1.84774 1.76905 
----------------------------------------------------------------------------------------------------------------------------------------
N:	10

AVG_FIT:	78.92841
STDEV:	12.73088
AVG_TIME:	5.14534

BEST[30]:	58.29478 74.65137 90.31220 93.53604 85.52542 76.92132 60.29359 79.94701 90.17458 77.90200 67.78747 79.48752 76.64340 83.74787 104.28663 83.12171 86.51701 94.22327 82.82582 66.17409 64.11829 55.28091 79.16932 59.31333 89.20228 84.35080 98.77894 88.31848 56.85773 80.08909 
----------------------------------------------------------------------------------------------------------------------------------------
N:	30

AVG_FIT:	359.18202
STDEV:	21.85363
AVG_TIME:	18.05933

BEST[30]:	382.55849 346.18148 367.22302 358.34102 393.20902 375.16531 352.78498 368.37445 343.31711 360.51928 356.68195 363.01950 376.24173 365.62828 348.26826 399.68105 350.38694 367.23950 340.42891 369.85469 371.63876 311.40674 369.45138 330.60297 317.96893 365.43336 353.20999 308.53600 367.29191 394.81563 
