----------------------------------------------------------------------------------------------------------------------------------------
N:	2

AVG_FIT:	0.10525
STDEV:	0.11877
AVG_TIME:	1.05080

BEST[30]:	0.06270 0.08600 0.00050 0.04759 0.12721 0.06048 0.02264 0.20185 0.15324 0.00007 0.00252 0.34349 0.05043 0.06916 0.13374 0.02524 0.08597 0.03890 0.07371 0.04440 0.46102 0.19120 0.01283 0.00000 0.37977 0.30980 0.04561 0.04606 0.05171 0.02962 
----------------------------------------------------------------------------------------------------------------------------------------
N:	10

AVG_FIT:	20.84847
STDEV:	4.52714
AVG_TIME:	5.05935

BEST[30]:	19.45934 19.42520 12.44492 20.87824 19.21343 24.18420 23.90637 22.50474 25.08518 15.60181 22.90264 21.72555 19.01850 18.74295 18.81423 20.24343 9.33570 27.36564 20.81848 16.48504 14.50826 19.81182 21.98357 19.31106 24.48999 18.59526 31.95621 27.16346 24.11983 25.35897 
----------------------------------------------------------------------------------------------------------------------------------------
N:	30

AVG_FIT:	126.30806
STDEV:	14.05684
AVG_TIME:	17.74321

BEST[30]:	143.05357 106.26659 142.67615 135.37832 138.92852 97.87153 115.36211 122.43798 122.76148 151.02744 102.00045 125.13547 131.20864 137.73007 137.19997 123.41540 138.75251 112.29510 109.73329 134.12565 120.53620 129.26032 134.85279 129.34211 125.75666 140.87412 112.53447 137.30552 134.89880 96.52053 
