----------------------------------
N: 2
global_best_y: 0.000000
global_worst_y: 0.000000
global_avg_y: 0.000000

global_best_time: 0.007080
global_worst_time: 0.007080
global_avg_time: 0.007080
----------------------------------
N: 5
global_best_y: 0.003945
global_worst_y: 0.003945
global_avg_y: 0.003945

global_best_time: 0.000000
global_worst_time: 0.000000
global_avg_time: 0.000000
----------------------------------
N: 20
global_best_y: 0.666667
global_worst_y: 0.666667
global_avg_y: 0.666667

global_best_time: 4327.098058
global_worst_time: 4327.098058
global_avg_time: 4327.098058
