----------------------------------
N: 2
global_best_y: 0.000003
global_worst_y: 0.001441
global_avg_y: 0.000310

global_best_time: 7.691003
global_worst_time: 8.013683
global_avg_time: 7.802401
----------------------------------
N: 20
global_best_y: 129.971056
global_worst_y: 154.990092
global_avg_y: 143.646511

global_best_time: 74.580392
global_worst_time: 78.023819
global_avg_time: 75.738043
----------------------------------
N: 5
global_best_y: 2.264576
global_worst_y: 5.657874
global_avg_y: 3.739424

global_best_time: 18.849814
global_worst_time: 20.029066
global_avg_time: 19.005847
