----------------------------------
N: 20
global_best_y: 0.000000
global_worst_y: 0.000000
global_avg_y: 0.000000

global_best_time: 1597.493600
global_worst_time: 1597.493600
global_avg_time: 1597.493600
----------------------------------
N: 2
global_best_y: 0.000000
global_worst_y: 0.000000
global_avg_y: 0.000000

global_best_time: 0.000000
global_worst_time: 0.000000
global_avg_time: 0.000000
----------------------------------
N: 5
global_best_y: 0.000000
global_worst_y: 0.000000
global_avg_y: 0.000000

global_best_time: 0.000000
global_worst_time: 0.000000
global_avg_time: 0.000000
