ch150
150
0 577 188 410 139 656 76 110 631 168 752 560 544 397 330 303 777 339 596 463 330 302 475 588 444 285 590 644 534 89 571 463 271 40 172 697 607 488 636 613 603 602 490 416 434 372 540 104 489 499 465 232 584 349 452 308 637 462 296 723 703 236 105 446 405 752 476 501 670 545 436 456 87 576 310 59 386 327 275 393 494 115 359 87 391 522 21 237 118 368 524 336 194 212 110 136 183 12 619 175 576 601 24 399 296 514 114 552 461 505 290 483 165 622 389 561 665 617 518 575 239 391 584 163 299 237 654 465 555 724 434 467 342 389 523 511 541 391 579 751 424 348 202 510 505 262 489 769 271 379 
577 0 591 667 489 81 501 471 69 526 325 221 633 423 429 404 434 312 45 136 541 647 340 217 139 295 472 86 55 508 498 321 337 554 424 272 38 327 339 155 366 63 229 593 647 233 80 561 440 143 175 393 176 269 160 269 366 140 429 413 281 600 535 542 225 425 276 715 265 112 625 455 591 599 290 602 370 451 457 434 83 593 221 494 299 85 591 506 471 219 708 272 397 503 561 469 412 565 78 462 316 120 556 693 350 651 530 89 212 78 366 541 535 100 615 282 444 220 720 81 465 396 565 415 610 360 272 684 432 362 323 223 387 267 115 554 183 237 126 497 155 321 454 439 486 315 441 368 607 616 
188 591 0 223 297 661 191 183 630 68 681 502 367 274 214 210 677 443 622 458 162 115 379 532 452 346 455 639 562 145 428 376 255 155 185 634 612 396 544 578 500 596 435 238 249 359 532 86 357 557 438 198 541 324 508 343 537 511 190 620 638 48 101 282 481 650 404 314 605 595 254 319 103 408 391 138 288 200 159 266 515 303 403 174 497 561 174 101 167 374 338 319 211 92 294 148 297 188 651 326 487 650 199 211 246 332 289 595 419 513 231 322 59 661 205 483 545 561 330 563 134 280 425 225 111 237 585 278 429 636 350 551 246 343 573 348 612 362 552 628 459 458 352 379 360 315 358 688 84 194 
410 667 223 0 508 720 402 383 684 257 646 508 178 249 240 272 600 613 706 532 131 115 358 534 540 498 349 688 654 355 310 368 373 376 356 613 675 376 495 600 441 650 456 85 43 446 592 307 282 678 493 329 558 409 633 476 477 629 249 544 614 174 315 157 626 573 412 91 585 705 67 246 325 239 550 360 298 217 230 237 606 525 533 383 663 663 396 211 365 475 117 414 373 233 514 338 490 410 739 531 452 754 420 40 336 131 506 698 460 592 320 188 255 755 51 464 452 560 108 614 244 274 273 407 112 376 562 57 345 582 354 696 281 400 685 204 741 433 588 522 571 630 556 299 256 469 282 637 139 52 
139 489 297 508 0 570 107 127 550 251 714 522 613 425 363 326 761 212 500 396 403 411 474 548 370 196 612 565 440 154 603 457 248 150 177 656 522 482 620 556 597 525 456 494 524 323 468 213 515 388 413 237 534 313 345 234 628 359 329 712 663 341 197 505 289 739 456 597 631 437 520 490 214 632 202 195 397 369 321 426 407 104 269 126 261 422 160 306 146 305 615 296 180 280 72 174 78 130 518 37 561 491 116 505 291 592 42 448 421 425 293 538 253 517 476 539 670 575 612 504 288 411 631 131 398 215 619 559 572 700 429 344 358 361 416 565 421 349 518 755 334 218 63 534 542 186 516 739 373 468 
656 81 661 720 570 0 580 549 36 597 288 237 669 472 486 466 408 391 87 203 598 710 376 224 214 376 490 40 133 585 521 360 409 632 500 244 50 361 338 148 375 69 267 643 697 302 130 636 475 214 230 465 184 337 238 348 367 219 490 398 253 666 610 586 303 404 314 762 245 173 674 495 667 628 371 679 422 509 520 484 163 674 301 572 374 159 670 572 548 293 751 342 473 571 642 545 493 644 96 544 330 154 635 748 416 692 611 151 260 152 432 580 607 119 669 298 446 215 765 106 532 446 591 494 672 434 259 732 454 339 368 293 444 326 183 589 239 301 139 486 236 399 535 470 519 395 475 334 671 670 
76 501 191 402 107 580 0 38 555 146 681 488 515 345 279 247 712 276 521 387 302 304 412 516 368 211 537 568 459 48 522 399 199 58 103 625 531 424 570 539 540 526 418 393 420 298 464 108 437 427 391 166 510 276 379 232 573 389 244 659 631 234 90 411 335 688 407 492 598 473 417 407 117 539 240 110 327 281 229 343 419 145 284 22 330 448 90 205 53 292 511 262 122 179 123 79 119 64 545 135 510 529 57 398 229 491 107 479 389 429 226 445 147 549 372 493 606 545 507 499 194 335 543 87 291 164 583 454 500 656 370 400 284 318 450 473 472 317 504 692 349 288 162 457 458 187 438 700 267 364 
110 471 183 383 127 549 38 0 523 127 644 451 487 309 244 210 673 266 493 353 276 292 374 479 336 187 500 536 431 43 487 361 161 83 65 588 499 385 531 503 501 493 381 367 397 262 431 109 401 405 355 128 474 239 356 202 535 364 209 621 594 222 86 380 317 649 369 471 561 449 393 372 129 508 222 132 289 247 197 308 389 181 257 23 320 422 121 179 19 259 488 225 84 153 157 47 115 99 518 148 472 505 95 382 191 465 137 453 352 397 187 414 131 523 350 455 568 508 486 466 163 298 509 57 274 127 546 433 463 618 332 384 247 280 426 441 453 280 469 654 321 280 173 421 423 160 401 662 252 342 
631 69 630 684 550 36 555 523 0 566 267 201 633 436 452 433 383 380 93 173 563 676 340 189 187 355 455 17 124 558 486 324 379 606 472 219 31 325 306 115 341 34 231 607 661 272 97 607 438 212 195 434 149 306 229 324 335 209 457 370 228 634 582 550 294 378 278 726 217 176 638 459 639 592 354 652 386 474 487 448 144 654 281 547 368 154 644 540 522 265 715 312 445 539 622 517 473 619 113 526 295 169 611 713 384 656 591 153 225 127 400 544 576 138 633 263 414 183 729 70 499 411 555 469 638 406 229 696 419 313 332 292 410 293 183 553 246 268 103 457 217 390 519 434 483 372 439 312 637 635 
168 526 68 257 251 597 146 127 566 0 633 449 376 241 175 160 638 380 556 394 162 165 336 478 386 279 431 576 495 98 409 329 189 129 119 583 547 351 501 520 461 533 380 250 274 295 469 70 330 489 377 133 484 261 441 275 498 444 145 582 587 96 64 278 414 612 353 346 554 528 273 295 104 407 325 136 244 167 117 235 448 278 336 126 433 493 161 70 110 308 365 255 144 46 262 86 239 164 584 275 443 582 171 255 185 348 251 528 361 448 172 315 10 594 227 435 514 508 361 501 84 241 417 162 147 170 535 308 400 593 302 485 199 284 505 343 545 300 492 599 391 395 300 352 341 248 331 643 124 218 
752 325 681 646 714 288 681 644 267 633 0 193 530 418 468 473 127 596 360 331 558 683 304 167 364 527 318 253 372 665 359 306 482 718 580 60 293 287 151 178 206 262 263 561 610 392 282 693 364 463 302 522 185 406 464 483 172 443 491 142 52 666 672 490 521 133 280 653 84 437 584 400 729 470 549 753 393 485 522 428 365 810 468 665 600 404 759 580 634 411 631 422 560 592 779 618 638 742 380 700 198 437 738 683 458 569 750 415 294 333 467 465 642 405 600 198 229 140 650 254 550 404 425 600 644 517 98 635 305 78 332 541 436 364 438 460 508 367 218 227 422 610 702 347 394 530 364 47 655 606 
560 221 502 508 522 237 488 451 201 449 193 0 435 261 296 292 252 421 265 157 399 521 150 29 191 339 254 199 246 474 284 140 290 526 388 137 207 133 126 95 145 173 70 425 479 200 145 505 242 325 115 332 54 213 310 294 150 291 313 214 143 493 484 362 357 235 100 537 110 317 454 268 541 392 367 563 221 316 345 272 217 617 288 473 435 274 567 403 442 223 523 229 367 411 586 427 446 549 296 510 96 339 545 541 268 462 557 298 101 185 279 350 458 320 458 62 226 59 539 141 368 240 354 407 482 324 97 511 217 183 159 393 258 171 309 356 384 173 99 288 254 438 513 236 286 339 243 217 488 461 
544 633 367 178 613 669 515 487 633 376 530 435 0 228 265 307 459 666 677 511 214 281 294 456 530 546 212 633 635 470 171 312 416 505 440 510 632 308 382 531 328 601 405 129 135 449 554 440 195 682 462 392 489 418 644 512 358 635 294 408 509 322 440 111 655 434 358 134 486 698 119 180 467 68 598 502 281 252 294 220 590 653 558 494 709 653 534 310 468 485 105 430 447 337 636 440 574 540 710 628 356 739 547 216 367 50 622 686 423 569 355 95 379 731 167 379 311 476 126 566 325 255 111 492 261 433 462 135 229 457 313 719 292 389 681 80 748 425 530 367 577 684 649 200 150 521 194 511 289 178 
397 423 274 249 425 472 345 309 436 241 418 261 228 0 67 100 403 443 465 293 141 265 115 288 307 323 193 440 417 309 178 120 197 357 249 377 429 133 274 352 227 403 207 171 225 222 347 309 92 457 248 189 310 191 417 287 265 409 101 346 379 251 296 122 427 377 163 292 348 476 202 65 344 220 375 376 55 74 124 12 370 490 330 324 483 432 395 176 292 258 287 203 246 195 466 267 372 389 498 432 220 520 392 281 147 234 445 466 213 352 139 134 248 516 199 224 273 315 298 366 159 28 209 295 226 221 326 261 160 366 105 491 70 164 458 157 522 200 339 359 350 462 449 113 117 301 93 419 238 201 
330 429 214 240 363 486 279 244 452 175 468 296 265 67 0 41 464 401 467 293 112 227 165 325 300 281 260 458 414 243 243 162 151 290 186 423 440 181 330 380 287 418 233 176 227 207 357 243 159 441 257 130 340 170 397 250 324 392 35 407 426 198 230 154 397 438 196 301 393 466 209 128 279 272 334 309 75 23 58 64 366 424 301 258 446 424 328 114 227 237 303 177 187 130 401 200 314 323 500 373 273 515 325 264 104 260 380 459 228 353 91 179 184 516 189 270 339 354 310 382 93 66 268 235 188 168 373 266 226 422 138 465 42 162 446 205 505 193 361 424 333 420 391 180 179 256 160 473 192 188 
303 404 210 272 326 466 247 210 433 160 473 292 307 100 41 0 480 360 441 268 141 243 176 321 272 240 290 440 386 214 278 169 110 264 149 424 419 191 341 370 303 399 225 214 263 176 336 224 191 407 238 90 332 139 362 211 339 358 24 424 428 204 207 195 359 454 194 338 395 434 246 164 261 312 293 289 85 58 55 100 337 391 264 226 405 393 303 111 194 204 342 143 147 120 367 169 274 295 473 333 283 484 296 292 65 300 345 428 213 327 51 220 170 488 222 275 362 351 348 364 77 89 306 196 206 126 376 302 254 432 141 427 39 140 414 246 470 167 347 448 299 379 351 211 216 215 191 482 205 220 
777 434 677 600 761 408 712 673 383 638 127 252 459 403 464 480 0 673 472 408 534 657 303 235 442 587 252 371 474 688 293 314 517 740 608 164 405 290 142 279 177 372 309 516 560 444 376 704 328 563 367 546 269 449 555 542 141 536 493 57 155 653 687 444 607 27 306 590 169 544 534 367 740 393 619 768 395 477 522 412 458 849 540 693 686 506 780 577 661 472 564 466 592 594 820 641 688 768 496 753 202 550 766 639 482 504 793 522 346 425 487 412 647 521 560 223 149 220 584 356 554 398 348 638 620 552 165 579 257 72 343 637 440 401 541 400 614 415 314 110 504 689 759 307 345 584 328 83 636 568 
339 312 443 613 212 391 276 266 380 380 596 421 666 443 401 360 673 0 310 266 486 542 437 439 233 120 594 396 258 309 599 416 250 334 263 537 349 438 541 420 537 362 372 571 614 246 319 375 513 187 307 284 412 262 153 157 558 172 376 633 545 475 351 554 88 656 393 691 517 236 602 503 392 663 68 386 395 417 387 448 241 310 134 282 54 233 358 404 278 211 699 246 242 385 281 295 157 328 323 177 491 287 315 622 298 660 253 251 333 268 310 575 386 317 569 460 620 460 703 352 369 418 647 218 516 239 513 653 549 603 395 132 374 307 217 599 210 278 380 697 174 19 159 526 553 146 514 630 499 564 
596 45 622 706 500 87 521 493 93 556 360 265 677 465 467 441 472 310 0 174 579 683 384 261 171 311 517 109 62 532 543 365 367 576 450 309 67 372 383 196 410 101 273 635 688 267 125 587 484 128 217 424 220 304 158 291 410 141 465 455 318 633 561 585 222 465 320 757 304 86 667 498 616 644 298 625 411 490 493 476 107 603 237 516 290 78 611 540 494 248 751 305 423 535 572 495 425 584 33 471 361 78 574 731 384 694 542 64 255 114 400 585 565 55 655 327 488 262 763 125 499 438 610 437 646 388 313 725 477 401 366 207 426 306 97 598 153 275 170 539 172 317 460 484 530 334 485 404 642 655 
463 136 458 532 396 203 387 353 173 394 331 157 511 293 293 268 408 266 174 0 405 511 225 173 34 201 374 184 125 387 393 204 206 436 300 272 154 217 282 161 289 141 124 461 514 99 77 434 323 180 54 261 147 134 156 162 303 139 292 372 280 464 409 414 200 392 163 585 251 188 493 332 466 485 218 481 238 316 321 303 79 497 137 377 278 142 474 370 350 95 579 139 274 368 465 345 318 451 207 377 239 228 444 557 214 525 435 174 92 60 230 417 403 224 481 205 373 194 590 112 329 265 455 301 474 233 246 552 330 338 198 240 251 132 172 433 244 101 122 443 97 282 375 327 369 211 324 364 471 481 
330 541 162 131 403 598 302 276 563 162 558 399 214 141 112 141 534 486 579 405 0 125 256 427 411 369 299 569 525 257 269 260 243 291 237 518 552 274 411 488 362 529 341 91 128 316 469 227 207 547 369 202 447 279 502 346 400 499 118 477 520 125 226 120 495 508 300 205 489 575 118 168 256 248 422 291 180 89 100 130 477 439 402 281 535 534 321 97 257 345 216 284 250 123 423 229 373 326 612 421 360 625 333 152 205 189 409 569 339 465 189 160 165 627 84 365 395 455 217 493 120 160 263 289 86 248 467 167 279 503 241 565 154 274 555 186 610 305 471 475 440 504 444 229 202 341 207 557 102 80 
302 647 115 115 411 710 304 292 676 165 683 521 281 265 227 243 657 542 683 511 125 0 380 550 512 435 415 683 625 257 381 383 324 270 279 642 662 398 536 607 486 642 460 159 150 415 580 201 329 634 480 271 567 378 587 423 523 587 219 599 644 70 214 222 569 630 421 204 613 668 162 290 215 334 484 248 300 205 190 254 577 417 483 286 595 629 286 145 275 438 232 379 301 158 409 251 404 303 714 438 485 720 314 97 299 239 404 665 454 569 282 261 161 727 115 489 514 578 221 606 187 282 360 326 39 316 591 171 400 627 362 640 268 383 646 284 694 410 588 592 530 558 464 350 317 405 329 681 43 105 
475 340 379 358 474 376 412 374 340 336 304 150 294 115 165 176 303 437 384 225 256 380 0 176 250 328 157 341 346 386 169 22 226 437 309 262 338 18 166 244 128 308 111 276 329 192 260 401 100 404 173 246 202 177 373 283 163 359 191 248 264 362 383 213 400 278 64 388 233 412 304 119 437 261 372 465 92 181 221 126 304 554 308 393 468 367 477 278 361 229 376 195 297 293 526 339 407 466 417 472 108 449 465 392 184 316 501 398 133 279 187 204 345 438 309 109 196 202 390 272 252 100 230 345 341 259 211 361 112 257 45 454 137 130 398 214 469 161 238 282 306 456 483 102 146 315 101 309 351 313 
588 217 532 534 548 224 516 479 189 478 167 29 456 288 325 321 235 439 261 173 427 550 176 0 207 362 267 184 248 503 300 168 318 555 416 109 199 158 122 76 152 164 99 451 504 225 147 534 265 332 137 360 41 240 321 318 149 302 342 203 116 523 513 386 372 221 129 561 83 319 479 292 570 409 388 592 250 345 374 299 225 643 308 501 450 278 595 432 470 245 546 255 395 440 612 456 471 577 291 534 106 337 573 567 297 484 583 299 128 192 308 372 488 315 484 77 227 30 562 136 398 268 370 434 510 352 74 536 233 165 187 403 288 200 313 377 388 200 91 282 269 455 537 256 306 364 265 194 517 488 
444 139 452 540 370 214 368 336 187 386 364 191 530 307 300 272 442 233 171 34 411 512 250 207 0 174 402 200 114 371 418 228 198 419 286 304 164 243 315 191 321 158 154 472 525 96 98 422 345 155 83 254 179 133 125 138 336 110 296 405 312 462 397 429 167 426 190 597 284 169 505 351 453 506 187 465 252 323 322 317 66 472 106 359 244 125 457 369 334 79 593 134 259 364 440 331 292 432 202 349 271 215 424 563 213 541 410 159 119 62 229 435 396 216 489 237 405 227 604 134 327 279 479 281 476 221 280 563 357 371 219 209 260 143 151 452 220 108 151 475 64 248 346 350 391 187 346 397 471 489 
285 295 346 498 196 376 211 187 355 279 527 339 546 323 281 240 587 120 311 201 369 435 328 362 174 0 482 369 250 228 484 307 130 267 161 467 328 330 449 362 437 329 279 452 497 144 271 290 397 218 225 169 343 150 170 46 462 178 257 543 475 371 265 435 135 567 291 574 444 262 484 385 315 544 53 318 277 298 269 329 213 299 75 208 166 237 301 293 192 117 581 133 135 277 267 201 118 273 334 176 394 318 263 510 178 540 237 268 241 229 191 456 287 338 453 367 518 387 585 308 255 300 529 131 406 122 435 536 438 521 284 206 255 199 239 480 268 175 323 598 140 139 176 411 435 30 398 555 392 448 
590 472 455 349 612 490 537 500 455 431 318 254 212 193 260 290 252 594 517 374 299 415 157 267 402 482 0 451 488 502 42 179 370 550 438 303 462 160 173 344 122 427 251 267 308 349 393 500 101 554 321 376 306 332 527 438 147 512 294 198 300 423 489 195 556 226 212 340 280 558 283 136 535 152 528 567 215 264 316 197 450 682 465 516 625 512 587 363 484 386 315 349 432 385 657 459 552 582 549 615 161 588 585 388 323 253 634 541 282 422 320 160 438 572 311 193 103 281 335 395 351 202 108 482 381 400 258 327 45 245 199 609 255 286 545 148 618 318 353 177 460 613 629 80 98 466 100 299 400 320 
644 86 639 688 565 40 568 536 17 576 253 199 633 440 458 440 371 396 109 184 569 683 341 184 200 369 451 0 141 570 483 326 390 619 484 206 48 325 298 109 335 43 233 610 664 282 107 618 438 229 203 445 145 315 246 338 327 226 464 359 215 642 593 552 310 366 280 728 206 193 641 460 650 590 370 664 391 480 494 451 159 669 296 559 385 171 657 548 534 277 716 322 457 548 637 529 488 632 127 541 290 184 624 718 393 657 606 170 230 141 408 544 586 152 637 259 406 175 731 76 508 415 552 482 644 417 220 699 416 301 335 309 416 300 199 553 262 277 103 447 233 406 534 433 483 386 439 299 645 639 
534 55 562 654 440 133 459 431 124 495 372 246 635 417 414 386 474 258 62 125 525 625 346 248 114 250 488 141 0 469 510 326 307 514 388 316 93 335 370 196 390 113 238 585 638 210 101 525 445 91 174 363 209 247 106 229 395 86 410 450 326 574 499 539 171 464 282 709 306 71 617 456 554 606 239 563 363 437 436 428 49 544 175 454 244 32 549 482 432 188 704 247 361 476 512 433 365 522 89 412 340 103 512 677 327 649 482 53 213 67 343 542 505 102 603 304 471 256 715 119 440 390 575 374 590 326 310 675 446 402 322 171 373 255 66 557 140 221 161 530 110 267 403 447 491 272 446 413 584 602 
89 508 145 355 154 585 48 43 558 98 665 474 470 309 243 214 688 309 532 387 257 257 386 503 371 228 502 570 469 0 486 374 187 52 88 611 535 398 547 532 513 527 404 347 372 292 464 67 401 446 383 143 501 266 398 241 548 405 208 634 617 187 45 368 359 663 388 444 583 490 370 370 86 497 265 94 297 242 190 306 427 185 298 30 363 462 93 160 37 293 463 254 113 134 166 47 156 81 557 181 487 546 82 350 208 445 153 494 377 433 201 403 99 563 325 473 576 532 460 499 154 302 502 98 244 155 567 406 467 635 345 427 253 303 467 431 495 307 499 662 360 322 207 422 420 201 402 682 219 316 
571 498 428 310 603 521 522 487 486 409 359 284 171 178 243 278 293 599 543 393 269 381 169 300 418 484 42 483 510 486 0 191 367 531 427 342 490 176 213 376 160 457 272 229 268 358 418 478 89 572 340 366 337 337 542 442 188 528 278 239 340 393 469 159 567 267 229 298 319 579 243 115 512 113 532 545 210 244 296 179 470 667 474 501 633 533 568 340 470 395 273 353 423 363 644 444 546 565 575 608 195 612 568 349 318 212 623 563 300 444 312 122 415 598 274 224 144 316 293 423 333 193 70 473 348 394 296 286 67 287 206 623 245 294 565 107 637 328 383 213 475 618 624 73 68 466 88 341 369 283 
463 321 376 368 457 360 399 361 324 329 306 140 312 120 162 169 314 416 365 204 260 383 22 168 228 307 179 326 326 374 191 0 209 426 296 260 321 25 173 232 141 291 94 287 340 170 241 392 120 382 152 233 191 157 351 262 174 338 186 260 263 361 374 226 377 289 46 402 231 391 316 135 429 281 351 455 87 181 217 132 283 539 286 380 446 346 466 275 348 207 391 174 281 287 511 327 389 454 398 454 114 429 453 400 170 332 485 377 113 258 174 221 338 419 318 108 214 195 405 255 245 101 251 329 344 243 210 374 134 264 29 432 130 109 376 233 447 139 223 298 284 434 465 123 166 295 121 313 352 321 
271 337 255 373 248 409 199 161 379 189 482 290 416 197 151 110 517 250 367 206 243 324 226 318 198 130 370 390 307 187 367 209 0 238 99 427 359 234 375 345 350 347 220 323 369 108 283 228 278 311 197 56 314 79 264 103 381 263 128 466 433 268 204 305 252 494 211 446 399 345 355 260 262 417 183 279 157 168 144 201 260 332 161 183 295 308 279 178 153 119 451 68 77 169 303 141 182 260 397 246 315 398 256 389 50 410 276 343 191 259 60 327 198 407 326 296 423 347 456 316 137 176 406 121 291 35 385 408 328 459 181 322 127 119 323 352 371 121 313 508 207 269 259 294 312 105 279 502 281 323 
40 554 155 376 150 632 58 83 606 129 718 526 505 357 290 264 740 334 576 436 291 270 437 555 419 267 550 619 514 52 531 426 238 0 139 663 582 450 599 583 565 576 456 379 398 342 513 69 449 485 434 196 552 317 437 285 600 445 256 685 669 203 65 406 393 715 440 467 636 529 399 416 63 536 299 52 348 287 235 353 472 150 340 60 388 504 41 198 86 341 489 305 163 172 139 99 177 35 600 184 539 585 44 367 260 476 135 535 429 480 253 444 127 605 352 525 626 584 483 548 199 352 544 139 264 206 619 430 516 688 397 459 303 355 507 471 530 359 549 712 404 345 211 470 465 242 450 734 237 343 
172 424 185 356 177 500 103 65 472 119 580 388 440 249 186 149 608 263 450 300 237 279 309 416 286 161 438 484 388 88 427 296 99 139 0 525 450 320 466 444 436 441 318 327 363 204 377 137 340 374 296 63 413 178 325 162 470 330 152 555 531 213 111 331 296 584 304 440 497 415 355 313 167 455 207 181 225 193 146 249 344 245 222 86 316 383 180 145 54 207 453 166 28 124 219 45 136 162 477 188 407 470 159 362 126 423 196 417 290 348 123 361 126 485 317 390 504 445 453 412 117 236 454 53 255 67 482 401 400 553 267 366 184 216 392 389 428 220 411 590 281 279 209 359 365 130 340 598 237 310 
697 272 634 613 656 244 625 588 219 583 60 137 510 377 423 424 164 537 309 272 518 642 262 109 304 467 303 206 316 611 342 260 427 663 525 0 242 244 129 121 183 209 208 529 580 333 224 641 333 407 243 469 125 350 406 424 157 385 443 158 9 621 620 459 463 161 230 628 29 383 554 367 677 455 490 700 347 441 475 388 306 752 409 610 542 349 704 533 579 352 608 365 504 544 721 564 579 687 332 641 161 387 682 649 405 546 692 361 237 275 415 438 592 357 566 153 227 81 626 198 501 361 411 543 603 461 51 608 282 96 285 484 388 309 383 437 454 309 160 248 363 551 643 319 368 471 333 97 613 571 
607 38 612 675 522 50 531 499 31 547 293 207 632 429 440 419 405 349 67 154 552 662 338 199 164 328 462 48 93 535 490 321 359 582 450 242 0 324 320 130 350 35 227 600 654 253 83 586 438 181 183 415 158 288 198 299 348 178 443 388 251 618 560 546 263 398 275 720 237 147 631 456 617 594 325 629 378 463 472 440 115 626 253 523 337 123 620 524 498 243 711 293 423 522 594 495 445 595 93 497 303 145 586 703 367 653 564 124 216 102 383 542 557 118 624 269 426 197 724 67 483 403 558 444 625 384 247 690 423 334 326 261 398 279 152 552 217 252 109 474 189 359 490 435 483 346 438 337 623 625 
488 327 396 376 482 361 424 385 325 351 287 133 308 133 181 191 290 438 372 217 274 398 18 158 243 330 160 325 335 398 176 25 234 450 320 244 324 0 150 227 116 293 98 293 347 192 247 415 114 396 163 257 185 180 367 285 150 353 207 236 247 379 397 229 396 265 53 405 215 403 322 136 451 272 373 479 108 198 237 144 294 564 307 405 466 357 490 295 372 228 392 198 306 308 536 352 414 478 405 479 92 438 477 410 195 332 510 388 124 268 198 219 360 426 327 91 189 184 407 257 267 117 240 354 359 268 193 379 115 242 54 449 152 131 389 228 461 160 222 273 301 456 489 112 159 319 115 292 369 331 
636 339 544 495 620 338 570 531 306 501 151 126 382 274 330 341 142 541 383 282 411 536 166 122 315 449 173 298 370 547 213 173 375 599 466 129 320 150 0 191 55 284 171 410 459 305 269 565 213 451 235 405 163 308 436 403 29 418 357 93 127 524 547 338 482 119 164 503 108 441 433 250 602 325 484 629 258 345 387 283 343 707 407 552 559 399 639 443 519 335 481 325 450 458 678 500 547 626 412 612 60 459 625 532 340 419 651 421 209 311 346 314 510 436 450 83 108 123 500 258 417 264 281 496 498 409 86 484 155 92 202 520 302 259 434 310 509 275 213 161 379 558 619 196 243 445 213 146 511 456 
613 155 578 600 556 148 539 503 115 520 178 95 531 352 380 370 279 420 196 161 488 607 244 76 191 362 344 109 196 532 376 232 345 583 444 121 130 227 191 0 227 95 147 519 573 241 103 571 338 286 148 394 42 266 285 322 220 265 393 259 130 574 547 457 343 270 189 632 110 265 548 363 605 485 378 624 308 402 425 363 186 656 297 526 422 228 623 481 497 251 618 278 420 486 624 487 478 602 223 538 183 274 596 632 335 558 594 243 159 155 348 445 530 248 550 153 298 68 634 77 444 329 446 453 568 377 117 606 310 207 247 363 340 236 263 452 335 224 40 344 246 434 536 331 381 370 338 218 572 553 
603 366 500 441 597 375 540 501 341 461 206 145 328 227 287 303 177 537 410 289 362 486 128 152 321 437 122 335 390 513 160 141 350 565 436 183 350 116 55 227 0 315 168 356 405 294 290 527 160 465 238 373 192 290 445 391 38 428 316 121 181 478 510 285 485 151 146 448 159 461 379 198 563 273 476 591 218 300 345 236 358 680 403 521 560 417 605 400 488 327 427 308 422 417 652 467 528 594 441 593 50 485 593 479 311 365 626 442 205 327 314 259 470 465 397 86 84 162 446 286 377 221 229 470 448 384 136 430 100 142 170 529 264 240 451 255 526 262 242 161 383 555 602 142 189 429 160 196 462 403 
602 63 596 650 525 69 526 493 34 533 262 173 601 403 418 399 372 362 101 141 529 642 308 164 158 329 427 43 113 527 457 291 347 576 441 209 35 293 284 95 315 0 198 573 628 239 64 575 407 204 161 402 123 273 215 296 312 194 423 354 218 600 550 517 278 364 245 692 203 175 604 426 607 562 332 621 352 440 453 414 122 628 256 516 354 145 614 506 491 235 682 279 414 506 596 486 447 590 128 501 268 179 582 679 351 623 565 153 191 100 366 512 543 153 599 235 391 162 696 36 466 377 525 439 604 374 212 663 390 300 298 284 376 259 177 521 246 235 74 439 194 373 496 403 452 344 407 305 603 601 
490 229 435 456 456 267 418 381 231 380 263 70 405 207 233 225 309 372 273 124 341 460 111 99 154 279 251 233 238 404 272 94 220 456 318 208 227 98 171 147 168 198 0 377 431 136 149 435 211 304 71 261 107 144 279 233 187 263 247 264 213 428 413 319 317 288 47 495 180 307 408 228 471 371 313 493 161 255 279 219 199 549 237 403 392 261 497 336 372 164 484 161 297 343 518 357 381 479 306 446 120 340 475 487 198 426 490 291 39 171 209 314 389 328 406 88 252 129 498 162 301 183 338 338 421 254 165 466 208 244 102 363 194 101 294 325 367 107 132 326 216 389 451 211 257 276 212 283 425 408 
416 593 238 85 494 643 393 367 607 250 561 425 129 171 176 214 516 571 635 461 91 159 276 451 472 452 267 610 585 347 229 287 323 379 327 529 600 293 410 519 356 573 377 0 54 381 517 313 197 617 418 287 477 346 574 425 392 568 195 460 529 193 314 72 573 490 331 125 501 640 33 162 338 175 505 374 223 156 185 159 537 528 478 372 618 597 406 188 348 413 129 354 338 214 512 320 463 414 668 512 367 687 421 123 280 98 499 631 384 521 265 107 252 685 46 380 369 476 134 537 210 197 202 380 134 332 478 91 261 497 275 641 214 330 621 127 681 364 509 442 509 589 535 214 171 425 197 552 161 55 
434 647 249 43 524 697 420 397 661 274 610 479 135 225 227 263 560 614 688 514 128 150 329 504 525 497 308 664 638 372 268 340 369 398 363 580 654 347 459 573 405 628 431 54 0 433 571 330 247 668 472 330 531 397 624 472 440 619 242 505 580 201 335 121 621 534 385 77 552 692 26 213 352 196 550 387 277 206 228 214 590 548 526 399 663 649 422 219 378 464 91 404 377 244 535 351 499 433 721 545 418 739 442 83 328 90 525 684 438 574 313 148 274 738 47 433 412 529 90 591 248 251 230 416 138 376 529 39 307 544 330 690 266 383 673 162 732 417 563 480 560 632 568 263 217 469 247 599 166 56 
372 233 359 446 323 302 298 262 272 295 392 200 449 222 207 176 444 246 267 99 316 415 192 225 96 144 349 282 210 292 358 170 108 342 204 333 253 192 305 241 294 239 136 381 433 0 175 336 276 236 93 163 214 37 195 98 318 187 200 399 340 367 312 344 210 424 148 506 308 260 414 273 369 433 182 386 168 229 226 231 162 419 116 285 276 218 382 273 257 37 505 40 179 270 388 248 247 361 298 311 250 309 355 468 117 455 358 253 99 155 133 355 305 312 396 223 375 252 514 208 232 195 411 213 379 137 297 471 304 380 151 271 167 64 240 375 301 32 207 455 128 264 315 286 319 140 277 417 375 394 
540 80 532 592 468 130 464 431 97 469 282 145 554 347 357 336 376 319 125 77 469 580 260 147 98 271 393 107 101 464 418 241 283 513 377 224 83 247 269 103 290 64 149 517 571 175 0 511 360 186 100 338 109 209 182 236 294 162 361 349 233 537 486 464 240 365 196 638 209 173 549 375 544 519 280 558 295 380 390 358 83 570 202 454 319 131 552 442 428 172 630 215 351 442 538 422 390 528 158 446 240 196 520 620 287 572 508 153 134 51 302 462 479 180 541 205 371 157 643 36 402 320 485 377 542 311 211 607 352 304 244 261 315 197 166 474 241 171 64 429 145 332 443 359 406 285 361 320 541 542 
104 561 86 307 213 636 108 109 607 70 693 505 440 309 243 224 704 375 587 434 227 201 401 534 422 290 500 618 525 67 478 392 228 69 137 641 586 415 565 571 527 575 435 313 330 336 511 0 400 508 424 176 537 306 459 298 563 465 212 648 646 133 26 345 424 678 413 398 612 550 332 365 36 475 330 67 309 236 186 304 481 218 357 95 429 520 94 139 99 343 420 297 164 116 208 92 222 103 614 243 506 606 113 298 237 409 203 553 412 484 226 384 64 621 284 496 582 564 414 545 151 308 486 161 195 201 595 361 469 656 364 492 264 336 527 411 558 347 540 668 417 389 270 421 411 262 400 705 168 275 
489 440 357 282 515 475 437 401 438 330 364 242 195 92 159 191 328 513 484 323 207 329 100 265 345 397 101 438 445 401 89 120 278 449 340 333 438 114 213 338 160 407 211 197 247 276 360 400 0 499 271 278 296 252 466 356 197 454 193 271 333 328 388 126 486 301 164 297 306 511 221 39 434 161 446 466 121 163 215 96 402 582 391 416 549 465 486 263 384 313 281 267 335 284 557 358 458 481 517 520 172 548 484 319 229 220 535 497 232 378 224 108 337 538 237 190 188 287 297 371 250 104 136 384 292 305 283 275 72 302 127 545 156 212 495 115 565 247 336 271 398 532 535 22 46 379 1 357 309 243 
499 143 557 678 388 214 427 405 212 489 463 325 682 457 441 407 563 187 128 180 547 634 404 332 155 218 554 229 91 446 572 382 311 485 374 407 181 396 451 286 465 204 304 617 668 236 186 508 499 0 234 364 295 271 49 214 475 49 429 535 416 577 482 579 100 551 343 742 395 49 649 504 533 661 189 536 402 462 451 466 108 491 153 426 161 59 516 489 410 203 741 264 347 478 460 417 320 487 136 357 415 103 476 697 342 690 431 65 272 140 359 588 498 130 629 380 549 343 750 209 448 429 633 349 601 321 398 706 511 490 373 80 402 293 31 606 66 257 249 613 108 191 343 505 545 246 500 504 592 627 
465 175 438 493 413 230 391 355 195 377 302 115 462 248 257 238 367 307 217 54 369 480 173 137 83 225 321 203 174 383 340 152 197 434 296 243 183 163 235 148 238 161 71 418 472 93 100 424 271 234 0 248 121 119 208 181 254 192 261 327 251 439 401 368 248 349 110 540 219 240 450 282 458 433 252 476 195 280 292 259 131 511 173 378 324 194 474 345 349 109 533 130 271 347 480 339 336 454 250 398 189 277 448 520 192 477 450 225 39 107 207 368 387 270 441 155 322 162 546 126 306 221 403 306 442 229 210 509 277 299 149 292 215 97 225 383 298 77 116 394 146 323 400 274 317 228 272 330 442 442 
232 393 198 329 237 465 166 128 434 133 522 332 392 189 130 90 546 284 424 261 202 271 246 360 254 169 376 445 363 143 366 233 56 196 63 469 415 257 405 394 373 402 261 287 330 163 338 176 278 364 248 0 361 130 316 152 407 317 98 493 474 213 153 281 299 522 244 407 440 400 318 254 211 401 221 232 162 140 103 190 316 308 212 147 334 363 236 126 115 175 416 122 57 114 282 96 185 222 453 244 345 453 220 342 65 380 258 398 237 315 59 308 142 463 285 330 440 390 419 370 87 174 396 107 240 47 424 369 337 492 204 370 122 161 377 335 423 171 364 526 262 302 261 297 306 139 279 538 228 280 
584 176 541 558 534 184 510 474 149 484 185 54 489 310 340 332 269 412 220 147 447 567 202 41 179 343 306 145 209 501 337 191 314 552 413 125 158 185 163 42 192 123 107 477 531 214 109 537 296 295 121 361 0 235 287 301 190 267 354 241 133 535 514 415 341 256 147 590 105 280 506 321 572 446 365 592 267 362 386 322 189 632 284 497 420 240 593 443 467 229 576 249 390 449 601 455 457 573 250 518 146 296 568 590 300 516 571 259 124 156 312 404 494 274 508 114 269 49 592 95 407 288 407 426 528 347 103 564 271 196 206 368 301 201 275 410 349 193 50 322 240 427 519 290 340 349 297 218 532 511 
349 269 324 409 313 337 276 239 306 261 406 213 418 191 170 139 449 262 304 134 279 378 177 240 133 150 332 315 247 266 337 157 79 317 178 350 288 180 308 266 290 273 144 346 397 37 209 306 252 271 119 130 235 0 228 106 318 222 163 401 356 330 282 311 237 427 145 471 323 296 379 246 340 406 196 358 138 192 189 199 199 404 140 262 297 254 357 237 232 68 471 18 155 234 374 220 240 338 335 304 250 346 333 431 80 422 346 290 113 191 96 325 271 349 359 226 368 269 479 240 195 164 387 194 342 112 309 436 288 388 134 301 132 50 276 346 335 42 234 451 163 281 312 264 293 139 253 428 338 358 
452 160 508 633 345 238 379 356 229 441 464 310 644 417 397 362 555 153 158 156 502 587 373 321 125 170 527 246 106 398 542 351 264 437 325 406 198 367 436 285 445 215 279 574 624 195 182 459 466 49 208 316 287 228 0 166 458 21 384 523 415 528 433 539 65 542 315 699 391 93 606 467 484 626 144 487 363 418 405 426 99 448 105 378 140 80 469 442 362 161 699 220 298 430 417 368 274 440 174 315 395 149 429 651 297 650 387 103 245 131 313 550 450 172 584 361 529 336 707 211 401 390 601 300 554 273 391 663 482 484 339 84 360 256 71 569 108 219 246 597 68 161 303 472 510 197 466 502 544 582 
308 269 343 476 234 348 232 202 324 275 483 294 512 287 250 211 542 157 291 162 346 423 283 318 138 46 438 338 229 241 442 262 103 285 162 424 299 285 403 322 391 296 233 425 472 98 236 298 356 214 181 152 301 106 166 0 416 169 230 497 432 363 272 402 149 522 245 548 400 253 457 346 326 506 90 334 238 269 247 293 187 335 61 225 197 222 321 278 203 72 553 89 134 265 303 206 156 296 317 217 348 309 287 491 146 510 273 255 196 197 160 420 284 324 429 321 472 343 559 272 238 262 490 146 391 107 391 511 394 476 240 219 220 154 231 443 272 129 283 553 120 176 219 369 396 49 357 511 380 426 
637 366 537 477 628 367 573 535 335 498 172 150 358 265 324 339 141 558 410 303 400 523 163 149 336 462 147 327 395 548 188 174 381 600 470 157 348 150 29 220 38 312 187 392 440 318 294 563 197 475 254 407 190 318 458 416 0 440 353 86 153 515 546 320 502 115 173 481 137 467 414 235 599 299 499 627 254 337 382 274 367 712 424 554 578 424 640 437 522 350 458 335 455 454 684 501 557 628 439 622 68 486 627 515 344 396 657 447 225 335 348 293 506 464 433 99 79 152 478 285 414 258 255 502 486 415 115 464 133 105 203 542 300 268 459 288 534 287 241 140 399 576 630 178 223 456 197 160 500 440 
462 140 511 629 359 219 389 364 209 444 443 291 635 409 392 358 536 172 141 139 499 587 359 302 110 178 512 226 86 405 528 338 263 445 330 385 178 353 418 265 428 194 263 568 619 187 162 465 454 49 192 317 267 222 21 169 440 0 380 504 394 530 439 531 85 522 300 693 370 85 600 457 491 614 158 496 354 413 403 418 79 463 109 386 160 63 479 441 368 154 692 215 303 431 432 373 287 450 159 330 378 141 440 649 294 642 401 90 230 111 310 540 453 160 580 343 512 316 701 190 400 381 588 308 553 275 371 657 468 464 327 102 354 246 62 559 114 209 226 579 59 181 319 460 499 204 455 482 544 578 
296 429 190 249 329 490 244 209 457 145 491 313 294 101 35 24 493 376 465 292 118 219 191 342 296 257 294 464 410 208 278 186 128 256 152 443 443 207 357 393 316 423 247 195 242 200 361 212 193 429 261 98 354 163 384 230 353 380 0 437 447 181 197 183 379 467 214 318 414 458 227 163 247 304 310 277 99 42 32 99 361 389 285 223 423 417 294 90 192 227 323 166 154 102 366 166 282 288 497 339 299 508 290 269 87 284 346 452 236 352 71 211 154 512 200 293 371 372 328 388 61 97 302 202 182 139 394 281 260 448 159 448 56 164 437 237 492 192 371 457 322 395 358 214 214 231 194 499 181 197 
723 413 620 544 712 398 659 621 370 582 142 214 408 346 407 424 57 633 455 372 477 599 248 203 405 543 198 359 450 634 239 260 466 685 555 158 388 236 93 259 121 354 264 460 505 399 349 648 271 535 327 493 241 401 523 497 86 504 437 0 151 596 631 388 572 30 256 538 153 520 479 310 684 343 576 713 340 420 466 355 428 798 499 640 650 480 726 521 608 428 512 418 540 538 769 587 640 714 481 705 151 532 713 583 429 451 742 499 302 395 434 357 591 506 504 176 97 194 532 333 498 341 298 587 563 500 142 525 201 66 289 606 385 352 515 346 590 368 289 89 469 650 712 250 289 538 270 109 579 511 
703 281 638 614 663 253 631 594 228 587 52 143 509 379 426 428 155 545 318 280 520 644 264 116 312 475 300 215 326 617 340 263 433 669 531 9 251 247 127 130 181 218 213 529 580 340 233 646 333 416 251 474 133 356 415 432 153 394 447 151 0 624 625 459 471 153 234 627 34 393 554 368 682 452 498 705 351 444 479 390 315 759 417 616 551 358 710 537 585 360 607 371 510 548 728 570 586 692 341 649 162 396 688 650 410 545 699 370 244 284 420 437 597 366 567 156 222 89 626 207 505 364 408 550 606 467 53 607 281 88 288 493 392 314 392 435 464 316 169 240 371 560 651 318 367 479 333 88 615 572 
236 600 48 174 341 666 234 222 634 96 666 493 322 251 198 204 653 475 633 464 125 70 362 523 462 371 423 642 574 187 393 361 268 203 213 621 618 379 524 574 478 600 428 193 201 367 537 133 328 577 439 213 535 330 528 363 515 530 181 596 624 0 145 242 506 626 394 265 592 612 207 290 151 366 419 186 274 180 149 242 526 351 424 216 528 576 222 94 205 386 289 328 236 98 341 182 335 236 663 368 469 666 247 164 250 285 335 610 416 521 234 282 91 675 158 469 517 552 282 566 135 262 385 258 63 256 571 230 401 616 337 577 235 342 590 308 634 366 551 599 475 491 394 350 326 341 329 669 35 147 
105 535 101 315 197 610 90 86 582 64 672 484 440 296 230 207 687 351 561 409 226 214 383 513 397 265 489 593 499 45 469 374 204 65 111 620 560 397 547 547 510 550 413 314 335 312 486 26 388 482 401 153 514 282 433 272 546 439 197 631 625 145 0 341 398 661 392 405 591 524 335 354 58 471 305 81 292 225 173 292 455 214 331 74 405 494 99 132 74 317 426 272 139 107 200 66 200 101 588 225 488 580 108 309 215 411 191 527 390 459 205 378 62 595 289 477 568 542 421 520 137 293 480 136 203 176 574 368 456 638 345 467 247 314 501 406 533 323 516 654 391 365 251 409 402 236 388 686 178 279 
446 542 282 157 505 586 411 380 550 278 490 362 111 122 154 195 444 554 585 414 120 222 213 386 429 435 195 552 539 368 159 226 305 406 331 459 546 229 338 457 285 517 319 72 121 344 464 345 126 579 368 281 415 311 539 402 320 531 183 388 459 242 341 0 546 417 272 176 432 598 95 94 375 130 487 410 177 140 185 113 492 552 449 389 598 554 438 209 362 379 166 322 336 235 533 334 464 441 618 519 298 642 447 195 257 111 517 588 331 473 244 40 282 637 116 313 297 410 179 481 217 150 143 382 191 321 408 150 188 425 220 612 182 287 580 67 645 322 449 371 472 573 539 142 99 410 126 480 214 124 
405 225 481 626 289 303 335 317 294 414 521 357 655 427 397 359 607 88 222 200 495 569 400 372 167 135 556 310 171 359 567 377 252 393 296 463 263 396 482 343 485 278 317 573 621 210 240 424 486 100 248 299 341 237 65 149 502 85 379 572 471 506 398 546 0 592 347 697 445 150 605 482 445 643 95 445 375 417 396 435 159 391 97 337 79 145 423 425 325 173 701 225 271 410 360 335 223 393 235 257 436 203 381 640 294 656 331 164 280 189 309 561 422 231 579 403 569 389 707 272 386 401 622 263 539 253 443 660 511 536 361 71 364 274 130 582 136 239 303 641 103 96 242 496 529 166 487 558 526 575 
752 425 650 573 739 404 688 649 378 612 133 235 434 377 438 454 27 656 465 392 508 630 278 221 426 567 226 366 464 663 267 289 494 715 584 161 398 265 119 270 151 364 288 490 534 424 365 678 301 551 349 522 256 427 542 522 115 522 467 30 153 626 661 417 592 0 283 565 161 534 508 340 714 369 600 743 369 450 496 385 445 826 522 669 670 495 755 551 637 452 538 445 569 568 797 616 667 743 490 731 178 543 742 612 458 478 770 512 326 412 463 385 621 515 533 201 123 208 559 346 528 372 324 615 593 528 154 553 230 65 318 624 415 378 530 374 604 394 303 95 489 672 738 280 318 563 301 93 609 541 
476 276 404 412 456 314 407 369 278 353 280 100 358 163 196 194 306 393 320 163 300 421 64 129 190 291 212 280 282 388 229 46 211 440 304 230 275 53 164 189 146 245 47 331 385 148 196 413 164 343 110 244 147 145 315 245 173 300 214 256 234 394 392 272 347 283 0 448 201 350 361 181 449 325 331 473 121 216 246 175 241 543 260 390 419 304 481 304 358 182 437 163 287 314 514 340 384 466 353 449 106 385 463 443 180 378 487 335 71 215 187 267 363 374 361 85 227 158 451 209 271 140 293 332 382 246 182 420 167 249 59 398 159 95 336 278 408 116 177 307 249 411 457 165 210 283 165 294 388 364 
