----------------------------------
N: 20
global_best_y: -0.000000
global_worst_y: -0.000000
global_avg_y: -0.000000

global_best_time: 1555.395700
global_worst_time: 1555.395700
global_avg_time: 1555.395700
----------------------------------
N: 5
global_best_y: 0.000000
global_worst_y: 0.000000
global_avg_y: 0.000000

global_best_time: 0.015625
global_worst_time: 0.015625
global_avg_time: 0.015625
----------------------------------
N: 2
global_best_y: 0.000000
global_worst_y: 0.000000
global_avg_y: 0.000000

global_best_time: 0.000000
global_worst_time: 0.000000
global_avg_time: 0.000000
