----------------------------------
N: 2
global_best_y: 0.000002
global_worst_y: 0.000056
global_avg_y: 0.000018

global_best_time: 2.794147
global_worst_time: 2.889021
global_avg_time: 2.836667
----------------------------------
N: 5
global_best_y: 0.108439
global_worst_y: 1.385112
global_avg_y: 0.669582

global_best_time: 6.965780
global_worst_time: 7.198962
global_avg_time: 7.014290
----------------------------------
N: 20
global_best_y: 647.837722
global_worst_y: 1078.247297
global_avg_y: 898.541451

global_best_time: 27.649984
global_worst_time: 33.301927
global_avg_time: 28.180695
