----------------------------------------------------------------------------------------------------------------------------------------
N:	2

AVG_FIT:	0.14091
STDEV:	0.12856
AVG_TIME:	1.05496

BEST[30]:	0.00739 0.06282 0.12901 0.04983 0.13985 0.01967 0.15021 0.15795 0.07459 0.04855 0.05991 0.00268 0.08334 0.26030 0.10057 0.24883 0.27383 0.06812 0.09308 0.01527 0.46397 0.28514 0.00117 0.00237 0.45218 0.04111 0.28567 0.22406 0.09272 0.33317 
----------------------------------------------------------------------------------------------------------------------------------------
N:	10

AVG_FIT:	90.95492
STDEV:	28.14966
AVG_TIME:	5.02976

BEST[30]:	121.17830 122.99899 70.14819 41.26747 73.17320 71.89110 111.51995 50.98623 101.57500 80.33657 86.65075 100.54166 84.75898 113.55309 79.14538 56.96760 183.62554 67.03611 103.18018 119.65770 94.23153 61.49538 113.90097 62.68851 83.32890 94.87653 124.67612 71.46277 98.72112 83.07370 
----------------------------------------------------------------------------------------------------------------------------------------
N:	30

AVG_FIT:	1808.10299
STDEV:	208.83800
AVG_TIME:	17.73054

BEST[30]:	2113.38470 2040.05803 1601.87409 1950.38350 1512.94703 1817.98693 1855.93886 2159.28203 1952.85252 1549.63186 1894.47854 1787.38223 1978.77730 2072.68732 1586.69195 1749.23001 1626.20814 1894.19772 2013.61939 1697.96341 2012.55805 1469.41631 1813.66021 2088.87383 1480.00034 1804.26896 1838.63981 1699.98826 1374.52611 1805.58222 
